0 0 0 0 0 0 0 0 0 0 0 0 0 0 0 0 0 0 0 0 0
0 0 0 9 0 0 0 7 0 0 0 0 0 14 0 0 0 5 0 0 0
0 0 0 2 14 8 6 11 0 0 0 0 0 10 12 1 13 4 0 0 0
0 0 0 13 3 3 3 9 0 0 0 0 0 4 3 3 3 14 0 0 0
0 0 0 11 3 3 3 12 0 0 0 0 0 7 3 3 3 5 0 0 0
0 0 0 10 8 9 11 1 0 0 0 0 0 13 6 12 2 5 0 0 0
0 0 0 0 0 0 0 0 0 0 0 0 0 0 0 0 0 0 0 0 0
0 0 0 0 0 0 8 9 13 1 12 11 10 7 0 0 0 0 0 0 0
0 0 0 0 0 0 14 6 12 2 8 10 1 5 0 0 0 0 0 0 0
0 0 0 0 0 0 9 2 3 3 3 3 6 11 0 0 0 0 0 0 0
0 0 0 0 0 0 13 7 3 3 3 3 4 14 0 0 0 0 0 0 0
0 0 0 0 0 0 5 10 3 3 3 3 1 8 0 0 0 0 0 0 0
0 0 0 0 0 0 11 9 8 14 13 4 6 10 0 0 0 0 0 0 0
0 0 0 0 0 0 7 1 12 6 10 13 5 9 0 0 0 0 0 0 0