0 0 0 0 0 0 0 0 0 0 0 0 0 0 0 0 0 0 0 0 0
0 0 0 0 10 4 4 0 0 0 0 0 0 0 4 10 4 0 0 0 0
0 0 0 0 0 0 4 4 0 0 0 0 0 4 4 0 0 0 0 0 0
0 0 0 0 0 14 4 12 11 4 4 4 4 6 4 4 0 0 0 0 0
0 0 0 0 0 4 1 12 4 4 4 1 7 4 4 12 0 0 0 0 0
0 0 0 4 4 11 14 4 4 1 4 4 4 12 4 1 4 10 0 0 0
0 0 0 4 11 4 1 4 4 4 4 12 4 4 4 2 12 4 0 0 0
0 4 4 4 4 11 4 4 13 4 13 4 4 1 1 4 12 4 4 4 0
0 4 4 13 4 4 11 4 4 1 4 1 10 4 1 7 2 4 4 11 0
4 12 0 0 0 0 0 4 12 2 4 1 4 7 0 0 0 0 0 4 14
4 0 0 0 0 0 0 4 0 0 0 0 0 4 0 0 0 0 0 0 4
4 0 0 0 0 0 0 4 0 0 0 0 0 13 0 0 0 0 0 0 4
4 11 0 0 0 0 0 0 4 1 0 4 4 0 0 0 0 0 0 1 4