0 0 0 0 0 0 0 0 0 0 0 0 0 0 0 0 0 0 0 0 0
0 0 0 0 0 0 0 0 0 0 0 0 0 0 0 0 0 0 0 0 0
3 3 3 3 3 3 3 3 3 3 3 3 3 3 3 3 3 3 3 3 3
0 D 0 0 0 4 0 4 0 10 0 4 0 4 0 7 0 14 0 0 0 0
0 0 0 0 4 0 4 0 11 0 4 0 10 0 13 0 4 0 0 0 0
0 0 0 0 13 0 13 0 12 0 4 0 4 0 4 0 12 0 0 0 0
0 0 0 0 13 0 7 0 1 0 4 0 4 0 1 0 11 0 0 0 0
0 0 0 0 4 0 15 0 15 0 13 0 1 0 15 0 11 0 0 0 0
0 0 0 0 10 0 4 0 14 0 4 0 4 0 4 0 14 0 0 0 0
0 0 0 0 11 0 10 0 11 0 4 0 7 0 10 0 1 0 0 0 0
0 0 0 0 4 0 6 0 14 0 7 0 4 0 11 0 13 0 0 0 0
0 0 0 0 14 0 15 0 14 0 4 0 10 0 6 0 4 0 0 0 0
0 0 0 0 4 0 4 0 15 0 2 0 4 0 1 0 1 0 0 0 0
3 3 3 3 3 0 3 0 3 0 3 0 3 0 3 0 3 3 3 3 3