0 0 0 0 0 0 0 0 0 3 3 0 0 0 0 0 0 0 0 0 0
0 0 0 0 0 0 0 3 3 4 4 3 3 3 0 0 0 0 0 0 0
0 0 0 0 0 3 3 4 4 4 4 4 4 4 3 3 0 0 0 0 0
0 0 0 3 3 4 1 4 4 4 4 11 4 4 13 4 3 3 0 0 0
0 3 3 4 4 4 12 4 4 4 4 4 4 4 4 4 4 4 3 0 0
3 4 4 10 4 4 4 4 14 4 4 4 4 10 14 4 15 4 4 3 3
3 4 4 10 4 11 4 4 4 1 4 4 15 4 4 4 4 1 12 4 3
3 10 4 4 15 1 4 4 4 12 4 4 4 4 12 4 4 4 4 4 3
3 3 0 3 0 3 0 3 0 3 3 3 0 3 0 3 0 3 0 3 3
3 0 0 0 0 0 0 0 0 0 3 0 0 0 0 0 0 0 0 0 3
3 0 0 0 0 0 0 0 0 0 3 0 0 0 0 0 0 0 0 0 3
0 0 0 0 0 0 0 0 0 0 3 0 0 0 0 0 0 0 0 0 0
0 0 0 0 0 0 0 0 0 0 3 0 0 0 0 0 0 0 0 0 0
0 0 0 0 0 0 3 0 0 0 3 0 0 0 0 0 0 0 0 0 0
0 0 0 0 0 0 3 0 0 0 3 0 0 0 0 0 0 0 0 0 0
0 0 0 0 0 0 0 3 3 3 0 0 0 0 0 0 0 0 0 0 0