0 0 0 0 0 0 0 0 0 0 0 0 0 0 0 0 0 0
0 0 0 0 0 0 0 0 0 0 0 4 4 11 0 0 0 0
0 0 0 0 0 0 0 0 0 0 0 11 4 4 0 0 0 0
0 0 0 0 0 0 0 0 0 0 14 1 2 4 4 0 0 0
0 0 0 0 0 0 0 0 0 0 4 4 5 15 4 0 0 0
0 0 0 0 0 0 0 0 0 0 12 1 12 15 4 0 0 0
0 0 0 0 0 0 0 0 0 15 15 14 1 4 1 0 0 0
0 0 0 0 0 0 0 0 0 1 12 4 10 4 11 0 0 0
0 0 0 0 0 0 0 0 0 12 4 11 4 8 0 0 0 0
0 0 0 0 0 0 0 0 13 4 10 12 4 14 0 0 0 0
0 0 0 0 0 0 0 0 15 1 13 2 0 0 0 0 0 0
0 0 0 0 0 0 0 1 13 4 5 0 0 0 0 0 0 0
0 0 0 0 0 0 0 9 4 13 4 0 0 0 0 0 0 0
0 0 0 0 0 0 0 10 4 4 0 0 0 0 0 0 0 0
0S 0 0 0 0 0 12 14 4 0 0 0 0 0 0 0 0 0
0 0 0 0 0 0 2 4 0 0 0 0 0 0 0 0 0 0