pp=2,1150,1140,1,0,0,0,0,0,0,0,0,0,0,0
tt=2,1750,1410,1,0,0,0,0,0,0,0,0,0,0,0
eee=1,0,0,0,0,0,0,0,0,0,0,0,0,0,0
ooo=1,0,0,0,0,0,0,0,0,0,0,0,0,0,0
mèo béo bị gay da đen phát xít nữ quyền=1,0,0,0,0,0,0,0,0,0,0,0,0,0,0
32323=1,0,0,0,0,0,0,0,0,0,0,0,0,0,0
3434=1,0,0,0,0,0,0,0,0,0,0,0,0,0,0
dat=2,2600,2760,2,0,0,0,0,0,0,0,0,0,0,0
manhdhdhj=1,600,0,0,0,0,0,0,0,0,0,0,0,0,0
hoangvanthang=5,5250,3310,0,0,0,0,0,0,0,0,0,0,0,0
vutienmanh=2,1100,940,0,0,0,0,0,0,0,0,0,0,0,0
mânha=1,1000,0,0,0,0,0,0,0,0,0,0,0,0,0
32=1,0,0,0,0,0,0,0,0,0,0,0,0,0,0
DACQUYENCUAKEMANH-VUGIAANHDUC=1,0,0,0,0,0,0,0,0,0,0,0,0,0,0
saveit=1,0,0,0,0,0,0,0,0,0,0,0,0,0,0
namcuto=1,0,280,0,0,0,0,0,0,0,0,0,0,0,0
mèo béo bị gay da đen do thái=1,0,0,0,0,0,0,0,0,0,0,0,0,0,0
lll=1,0,0,0,0,0,0,0,0,0,0,0,0,0,0
manh2006=5,3500,5260,0,0,0,0,0,0,0,0,0,0,0,0
ppp=1,0,0,0,0,0,0,0,0,0,0,0,0,0,0
++++++=1,0,0,0,0,0,0,0,0,0,0,0,0,0,0
thangkhongthichoptimusprime=2,2850,1890,0,0,0,0,0,0,0,0,0,0,0,0
rrr=1,0,0,0,0,0,0,0,0,0,0,0,0,0,0
pppp=1,0,0,0,0,0,0,0,0,0,0,0,0,0,0
rrrr=1,0,0,0,0,0,0,0,0,0,0,0,0,0,0
ttt=1,0,0,0,0,0,0,0,0,0,0,0,0,0,0
tttt=1,0,0,0,0,0,0,0,0,0,0,0,0,0,0
ducfellsogood=1,0,0,0,0,0,0,0,0,0,0,0,0,0,0
Vugiaanhduc=2,4200,2670,0,0,0,0,0,0,0,0,0,0,0,0
phiduongdat=1,0,80,0,0,0,0,0,0,0,0,0,0,0,0
NAZINIGGAR=1,0,0,0,0,0,0,0,0,0,0,0,0,0,0
